-47393
28651
21933
22463
-31856
213
-24999
44714
41597
-36516
-33226
-21220
-34080
-14709
-39715
-34467
-7349
3368
4696
19006
43566
19782
32540
39607
-45819
34985
16737
39585
44830
14377
-5544
-7795
7250
19239
8712
-29862
15069
26919
40595
-4349
15110
11395
5096
-14517
33066
-45402
-38270
36641
31928
11369
47512
-34146
-5587
-43524
-25709
-14914
-38291
775
45076
-31792
49987
-24516
34677
39863
-16558
48398
48868
-3482
28013
-45978
23207
-48137
-16527
-9284
47799
-16069
-6747
-37683
7465
49737
-38872
19119
8138
24693
21822
-16338
19820
18722
-1395
30469
3955
18723
-4852
25700
8873
7936
11136
22625
10760
16735
41603
-48134
49597
-33456
18452
41597
-40398
-21215
-20701
-47850
21951
34171
3556
11957
-26125
-15846
38591
-2686
-7286
35964
49823
7136
36124
-44564
-32219
45697
-39683
-42310
-27561
41281
-42901
-15259
-49454
-3239
47431
1253
-14796
-10727
44319
-25120
-11384
10509
-48911
46039
-31298
-33426
-7566
33458
28195
36916
-14908
-33540
30863
25540
42625
-17278
33664
24526
-25528
-18906
-24071
49823
-16681
-26904
37067
2333
-13219
33826
22841
-46473
-10504
13263
16900
-45888
9968
32350
39060
16744
22821
-45300
-15280
29321
11606
-5540
-19159
14106
39912
-6444
-16915
-40278
39242
-22516
-44028
18017
-19034
-22246
23351
-24131
46632
-8718
49999
-16828
36034
32224
16826
42584
-44380
20179
-18053
44036
11212
40137
-22191
-42412
-11552
4231
-19445
-18100
41992
43051
2027
-17602
30229
-44784
-2962
43169
26065
47844
48984
-336
6382
7738
-4596
15517
-27178
-46668
-18266
16051
-15223
30831
-13683
-6456
-8169
34468
42602
-45164
37351
-49534
-4451
-9407
-32458
46993
-31637
7344
20980
-41666
-16982
-21658
-7491
40457
-26604
37374
-37648
7315
-46564
-39159
-43636
-7527
-45673
-42260
-43380
19002
24575
14608
12832
2123
-5321
23090
14596
-46307
44183
-48559
-27951
5376
-26954
8123
18250
18227
-28460
-14419
-9565
433
3300
-34645
-30718
12052
-35301
11870
-44594
-4118
-39644
-18424
40537
36937
39400
26535
-12823
19548
-30002
-22870
-34988
20689
-9304
47256
4928
-49066
-33700
17171
22248
30285
-6716
14137
29598
-34856
45136
29020
6843
-25187
21585
-21757
20569
1178
-32684
44779
-11126
23592
-44444
9322
-31486
-7513
-10161
13335
984
-10118
-36726
-20626
-8338
22681
28812
-49107
11897
-44432
-23698
3685
7757
-5719
-17489
24178
-28866
37198
-1158
45989
-21024
23403
-31865
-14536
34693
18791
16709
19381
-47944
-1727
-49253
3535
6454
1772
-2882
39635
40920
-35555
-32075
-40240
-44917
47457
-4670
12552
24051
24636
-21362
3390
-8810
12455
9139
-38001
-46121
-33947
-10134
-14765
14519
2390
47245
30259
459
-46894
39467
13855
-34074
-5668
2507
7350
-23305
48399
38825
3412
43913
3322
46107
-29063
17374
49892
3785
7310
-29514
-6614
-16368
43499
9290
-42885
27380
-43214
16103
-41565
39086
-1638
-5295
4345
-27107
48566
18471
23423
-42134
-28725
-4573
23603
-9261
-49255
-45034
41175
44693
-40866
29762
25402
-12295
21035
-46561
-14737
-22468
12519
19612
10102
2054
-43503
-48833
-35677
-36493
-46323
9977
47787
-36995
18928
36727
8202
27834
-23414
48136
-10468
38119
5022
34549
1337
-48219
10753
-5234
-2020
-2910
-44546
16912
-36267
671
-44628
-35738
10088
45465
22032
-46836
4960
7950
15495
16536
-30044
6812
37045
30909
1535
6328
-3151
47547
-5383
-43160
-46042
8947
-26908
22017
40947
-49170
-39317
38002
-46407
-13281
-42270
-26931
7121
47306
24743
8082
34936
28
11926
37843
33134
5608
15390
1292
34704
-22193
-14597
-15389
30993
221
-40224
5386
44826
19684
46353
-21685
-370
-20324
32597
-16680
21966
-20872
-42613
5497
-38944
42084
40369
-7045
8234
-38068
27629
-16585
-48340
40254
-21081
-16666
7230
-25207
-8684
44356
25285
-36315
26954
-28954
-15447
-16231
-11685
11173
49702
-30322
-36379
25180
-13082
-32632
46942
5049
3160
-39160
22934
14407
-973
-25961
-5529
-48487
2614
31253
22957
-5318
-17670
18825
45720
-24284
20297
28559
32651
41101
-35184
-21045
45124
2990
-29728
4240
-35745
-47584
-24021
-26874
-37347
5703
-28408
49352
4107
-18274
46091
34254
-30998
-37582
19728
37982
19785
-28129
13938
10450
40410
20388
22888
25685
6464
-980
12139
-46008
-31471
-22615
-15121
-24821
-39619
-46998
24204
-16941
-24296
23891
41150
6561
-7705
7859
32476
25984
-38913
11663
-20347
-5707
18835
-38827
1072
-17192
27939
39680
3166
-41743
-5382
45648
-37007
-36120
-32453
-26493
14716
21103
-26948
41493
5529
-9708
118
39064
32749
29195
8677
43098
-26901
-34113
-1940
-43155
-32319
-40607
38976
-41463
31669
-44364
42026
7578
16469
-41050
8505
45398
-36106
30123
-14879
45358
-43148
-9214
23275
11467
-10889
-39076
25665
-742
47891
-18594
48239
33775
27346
-23374
13889
29448
-31536
-6281
-14201
-25469
-48556
14272
42970
28810
-49666
-27953
-1787
-2556
-3503
25984
-217
-13896
-12545
31552
-38203
12966
20681
25534
-24226
-48338
28140
-10608
-34192
5953
36669
-15375
-36667
-28347
-18259
-40175
-6096
24281
-42268
13658
-11943
-18084
-3531
-39431
-48931
31911
27698
-13264
-47691
-22602
-9985
2651
23891
-45063
28889
-4321
-9557
-1817
39594
-38970
-12910
-25884
-12820
42823
-38897
-1842
-36942
48253
-5818
42415
18333
7348
26974
-12688
47727
38406
15166
31066
-15271
44920
-2615
-36311
8566
13638
9137
32674
-43349
5407
34146
-23988
-17646
30504
44703
-25137
-2745
-21573
46022
-17004
-10508
28416
6101
23003
15368
1504
22213
357
20081
27443
47904
-24490
-44744
-9403
-19738
-48458
25908
-12247
-13786
-19741
17501
-22250
28749
-36809
25003
27932
39213
25597
30126
-34337
-29814
-28655
-49626
24475
-45007
-15500
14120
33909
-5512
29419
-411
39689
-10475
15372
12478
-43400
38421
33958
-33168
-49701
22678
48004
-23067
16238
11415
9183
-35925
-26003
25169
8216
31482
23536
13125
16351
-36991
16220
14339
-40315
-43119
-22037
-6861
-21058
14378
-15592
-38355
-33506
-34778
28792
28229
39681
26340
42022
39754
4893
-41248
21396
17516
-9570
8526
-424
22137
-22193
-7936
38579
20958
40943
13402
-35053
-26950
10606
-18194
-28307
-8452
17513
31605
245
-9212
31630
33044
-18683
-23398
7525
22870
-42511
-7886
-33981
-23578
32252
-11457
-9072
-10788
-9634
-49262
-3662
35266
12610
-29438
24645
21979
-35662
27759
-31484
-33245
-28248
7544
-29074
-20563
12359
-43071
46631
46323
36852
-42338
-14318
-23485
8466
-27332
45033
-10588
-7163
5018
7789
-6646
-43483
-6320
-8658
29729
35482
-41277
15398
34308
16341
98
-1180
-1857
32428
48816
40253
-5976
14548
-32979
-48359
-28636
-48132
-5598
-43955
12251
12299
42348
31579
-15456
43693
44399
-18192
24020
27259
-18204
39620
26941
-17157
16301
-33627
36827
32043
-21007
-8988
-35215
9642
-16676
44903
-8534
-23620
-46467
-12715
-39512
26875
-14659
-16481
-11844
5291
-15111
-6261
-17659
38374
-36002
-46971
-15411
-29470
5075
-24078
23836
38882
47392
-2210
-2441
-42442
-12061
-26379
-23251
-10043
34705
-9302
-35209
-24679
-2015
15864
27137
41683
-43813
-9660
48632
-18916
-13379
5470
-31625
-15047
8884
41313
-11771
37606
48703
26645
-49613
44091
-6517
-16269
31841
24900
-22708
-45853
9199
44580
2687
-37070
5924
-46136
-20515
-32457
45968
15652
36498
-44608
2631
-45966
41247
-947
49614
12521
44796
-48096
-7632
32730
-45906
-31480
-17793
-31986
22614
-36040
-6954
27861
41552
-15993
-28757
8365
8500
44434
-47336
1659
48263
11543
-22050
-7053
-38660
38522
26875
47591
-20365
42525
35769
-37304
16053
5992
-41833
7740
4924
12307
-21852
7000
43542
-19263
-11699
22895
-38352
48475
-217
-16182
-34718
-41350
-39349
-37360
24203
-47664
20464
-47207
-2053
29857
-5921
7680
24596
42130
45645
6124
28467
-3713
34990
-18301
38172
11485
42894
6961
44896
40634
19215
-45007
-27776
-18380
-21638
-29899
-26509
37695
345
-32844
20383
-49170
-17600
44728
-2617
24119
26174
41077
-29323
-30247
38483
-16017
-42753
-32424
-30118
-14477
-19851
-4057
14564
11125
-40660
1354
47597
8561
-46078
6253
-18991
17036
41316
15422
-21008
-10903
-8393
-29434
-15746
48854
-28799
19947
-27468
-21209
-11061
15364
-29685
-25511
-20087
22296
42036
31612
7536
30670
-22694
32785
-47270
-16454
-13816
-16696
-49330
-1134
41091
4106
30089
45493
-12398
28028
7943
48908
-16776
-38903
-6895
44203
13183
-35560
-43254
-35539
-24698
-15604
34208
-48900
22272
8474
33419
-548
-1106
-46940
38280
7621
14359
-4901
11966
-20429
45157
44464
24689
44442
-27082
16312
-46746
-6768
23311
3456
25606
1299
-12957
-32368
12552
508
-27907
-34495
1004
-11580
-42498
360
18324
13556
-6671
43643
15717
-44432
18875
1878
-39838
27046
-48214
13935
28958
-40260
34393
-48758
48738
2121
10417
-40741
-28314
47509
45134
22342
35679
32380
-4837
-43836
12215
-6965
-19792
31889
6253
45425
8437
14561
35443
-42228
-40420
-45494
-17249
18474
35439
5015
-13892
-37132
46158
-47829
1458
11554
12437
33416
-48543
-9718
28809
-9708
-48890
46802
-48834
47773
-16296
-46361
42915
37678
-14283
-12628
38460
-13079
-12307
4830
-39865
-27342
49650
-5519
-44701
5883
24135
-32626
3996
42637
-22118
-33903
-15636
37673
3821
12564
-27029
49332
-40730
-14209
280
-23712
-26801
19405
-22340
-43030
-24228
35267
-38337
-9328
16702
-15635
23741
45699
-44512
49085
49128
4401
26224
-28053
-2683
-42505
2415
15097
18381
868
13131
22113
34298
6814
-9188
49097
-37443
38725
-36804
-44445
-19534
-46735
37057
-2771
2923
-12648
-40145
42847
-26139
-41434
-13111
44631
-47896
17114
26160
28481
6128
-24952
-19064
33870
18961
4181
-39153
25813
44466
37976
-13597
21647
49270
34665
-31125
23920
20817
-41052
7823
27321
21334
17848
11855
-27596
19939
42641
14757
-48264
40680
43262
28744
35141
23007
-25831
49330
-30104
2966
41391
2205
28992
-11628
49316
1506
25983
19259
32755
-28993
-11487
-23872
44916
-35023
-15763
22799
-24855
13881
22645
48127
-48365
11564
14227
1421
43778
-44804
-45573
74
16436
47030
14009
24742
4129
-32134
-40260
7352
-33024
36171
-296
-39721
-37786
-26136
46093
-8780
15208
10106
14997
-2369
2083
-32253
37468
37007
-37536
-6369
39086
24860
45294
13569
-43754
20966
-46740
15542
-3414
26216
-7868
-9413
18222
27411
-49883
-10187
-2091
-4650
29338
-11868
-18271
-37212
26638
-19476
-36365
-16851
14109
-24937
16885
-1691
1129
-11583
11390
24341
-30857
-5842
-14025
-2192
-41989
21990
8741
11999
48497
-43129
-49002
12441
29300
41004
20637
14103
-40998
38819
49371
48880
33417
-14703
4893
-48723
47032
1394
3831
42642
-6404
26800
34251
-20132
-14632
-10091
-42474
-6812
-16851
7646
48518
49479
19933
-16363
-49666
42444
-30137
-47747
-34689
29127
-38838
-1838
-22588
3366
-43215
-33716
2913
21141
29777
-34576
-4014
-29793
41671
-39633
-6240
6951
-8282
41833
-28585
-32875
42353
-38536
-7923
-6083
42017
19871
-21473
16755
-39697
-206
4174
-42682
22365
43547
-742
35409
-20358
-15828
-5076
-3335
-17862
-46889
-17410
-13470
23884
3695
48927
-49540
17659
9413
-42171
49047
17650
18621
-10109
38551
49451
-26706
17214
-17734
25651
28369
-13262
26226
22247
40406
8891
-6058
-33825
29509
-61
29172
37533
-43151
6256
43174
21364
1640
46621
3461
-46625
-33987
44688
34759
-8457
-15955
-12064
-10312
11307
-37984
41689
-13354
-34144
31016
-32784
5401
-24961
-49861
41438
-22862
6485
-41262
-47558
4979
-9243
39632
49790
3471
-31278
21617
-38485
-48922
3771
19291
-49282
8419
4141
-19045
-26123
-33195
-8710
-8800
20224
-43433
19156
-46147
-43026
-37254
-3928
-36984
-21262
-33117
-13781
-44763
-38918
-42004
-29265
24207
48008
33237
29923
-29110
-38977
39326
-32521
-43390
3510
-10490
35285
24394
48269
27644
32986
-45279
38381
925
-49533
25861
1963
45858
-6721
-43907
-20096
-11751
-18802
15350
-7635
7322
38280
7241
24550
16502
-828
38856
-4753
-31028
40860
15445
-17406
4811
11682
19767
20741
18312
-29879
-38174
48333
39060
-35247
13672
-14834
-11620
-16299
-23885
36896
-6034
-22955
-40576
-20659
19847
8842
-1523
-46305
-3774
26790
-35671
11911
14373
47009
-21208
-12501
-14629
39030
-13629
31189
48377
-38191
-11207
43172
-46016
45409
1353
-45963
41346
34988
47436
-44919
-26104
13814
-32158
-44700
-2158
264
-15107
47183
40025
-29907
27824
-3690
-32672
-10241
-4416
30822
-11518
-40853
5936
-4030
-9033
-47190
-44405
-43764
-29401
17642
-4810
-27055
29532
31907
4918
-41197
-10496
-44378
42062
12463
-8435
5536
19870
-33974
30895
-30730
-31155
36245
5924
32684
26097
-43704
44652
32102
-3845
-20910
7866
-41217
27556
-14582
-41077
36845
-46524
613
32800
-32159
-48147
21948
33331
-14727
-9351
-14329
36853
-9451
37341
-42673
-17070
48264
28171
11970
-11613
3105
12360
-18147
29574
43344
9223
-11603
-385
-23460
42011
42485
-37689
1978
41295
-7442
-7551
-38702
42861
23513
13468
23889
40310
-38924
17721
16850
-9040
16097
-17950
40648
15135
11130
-28076
21091
-26434
-32306
-38897
35826
-44630
-3227
-19396
19298
-40029
27394
-49325
-6051
10304
28537
42559
-2591
-8190
28169
-36972
-24460
-28068
9838
-46037
-10608
18258
-27932
-48279
40508
-83
-31298
-43424
-46535
26484
9353
21228
-32858
-48602
-11674
-20824
-23062
42778
27608
-1286
38990
3524
-35016
-33658
-5561
4722
-8171
-25383
-3127
-18386
46809
13742
29292
29804
1514
43675
-21683
30823
31938
-45937
-7194
30865
-44237
3042
-8352
-5788
29576
-37280
1251
-46232
42414
-10871
-2964
-14880
12456
-22512
-4714
37681
-7786
-40191
-8261
-33295
14229
-48803
-28416
23366
-35937
-46361
21819
-23427
-49693
-18368
-38545
-40144
-47674
-17282
-32403
-40638
-34344
-12230
16200
-15070
32237
40849
-24892
-4812
38067
26512
-16017
-20251
-15580
33619
30822
36837
-9584
-30965
-12030
23069
-35483
-37949
1903
-6412
-9566
-19096
40518
-4590
8973
16479
-10737
24572
41494
-24897
-46831
8567
-7040
-37744
-34315
29542
-7061
32105
27209
-39130
-18516
23971
-3730
49960
23459
6127
34578
43558
39666
-210
-36514
18270
-23956
-38277
23871
48691
-6763
-37429
44075
18277
48009
9839
11217
-46045
-44765
29402
10090
44497
-35365
37476
40788
-15216
-40050
6177
-48677
-26622
-10093
-49888
24715
-20844
-29893
38889
41389
-15709
-47100
-28996
-2839
5491
48317
28239
-5260
-6840
-6696
-33468
42334
9005
8805
-10765
-13137
-13348
-45395
-8295
-18807
-13064
-9563
-37594
34940
-30213
-21539
-25011
26618
18026
17056
8268
-38783
-35123
-21249
-13421
41813
-3363
36142
41694
-13623
24685
-1148
-40724
-38305
46919
-48184
-12175
25145
47682
-19372
-43911
-37951
17388
-6796
-33843
-18569
8304
-1334
3717
-13789
-18673
-15830
34448
-34759
40095
38263
36044
-35968
-6599
5441
49090
-21357
34634
20693
16796
-17089
-22143
-34863
23579
43052
44116
4249
35488
-4357
48724
18715
-8269
-34916
506
14604
-4187
-25143
-12619
4357
7280
-36731
-10865
-17028
40611
48807
27910
-15192
36495
2865
39639
-4379
-17450
-21714
25591
11674
25469
11057
22126
-16775
34674
-40580
8965
-46791
48707
-30206
-38533
3581
-40050
-37886
40827
-48399
-29335
8533
7597
-3784
-16050
38918
38556
768
-23135
44164
24722
12381
39822
-35930
29168
-39313
-43746
40371
-12688
48963
39679
-12509
39480
49263
41411
-16308
-4211
39824
-8450
13486
46785
-22232
38274
-1436
49776
-16918
6040
38934
40409
20843
2015
48589
41824
7852
-38174
10712
-30432
37107
40702
-3686
-40515
8964
24141
-12863
-22109
-18637
-46612
18775
8638
3167
35390
13181
-49988
-25569
34276
1071
-4055
-14656
22018
44222
20623
21619
-408
-44759
33345
-11754
-13203
-21886
21369
-4149
18813
36704
-47546
-25738
-19345
-19687
-34014
26463
-43119
-44466
41782
12746
-26809
11860
-932
-40318
-40942
4822
44647
21409
-33978
-5049
-41151
-18186
35048
-46594
-19320
-24703
18096
-24115
29401
21141
24039
-24772
-21188
11869
-22882
-29851
-17368
-30442
47295
12582
34623
-14310
36223
-606
35472
-10050
-20054
-4480
29969
-48747
-39957
-44911
-27356
341
-1388
-35316
-22251
-22549
49298
48598
10411
-49183
-13487
-30174
-20283
22213
38075
32457
1679
34248
2677
41285
10235
20810
42897
2619
7861
-3183
46930
-43316
-36160
-33636
7769
16418
-12119
39379
-22734
-49887
29536
-13941
14301
-13961
-20280
25657
-38737
36064
-20316
41580
-48930
32235
-25124
38306
-31816
45388
-13604
7295
-38634
8085
11155
48835
33388
-4474
3304
4688
13439
27528
34161
-7567
-48290
42303
-24378
-3434
-37588
-41537
2884
-36310
-18556
-14478
-33637
-30445
-2005
-34831
39776
-25761
-34443
25647
11625
-41604
-2878
9817
-49286
38340
1803
-6166
42814
-9438
25681
47826
-34779
-22592
18345
2564
38723
-45293
-41544
-23152
-27644
-40487
36552
-10837
-4671
21468
11431
24137
-47348
14861
27595
49457
26217
-29873
5591
-17939
31497
-6729
-5508
-16155
31513
-336
6367
26538
4343
-45331
36237
3032
-1777
27695
7864
-21848
9144
8613
-24346
-34282
19865
5827
-43998
-9285
46403
43858
-42373
45480
48279
4948
29736
-22955
-27774
13986
49326
49127
15520
48949
24462
6715
14769
-29890
-908
33801
-11290
411
6776
35559
-10529
-43327
35605
-4934
45747
26768
34721
-48321
13462
11350
13982
23273
-15237
461
-37349
47727
44542
35078
40451
-49539
5216
11590
-25138
-45766
-4893
23223
32234
35051
23509
-3401
17139
-6258
-3562
-26101
-5727
-43395
11031
11492
20336
40510
13715
14463
19465
17920
-32497
3100
35156
-4445
37167
12192
44014
-23285
-32473
-43076
22253
11805
-259
-39842
14568
-45823
43220
25057
-33200
29110
-3321
-45672
48764
-7358
-9164
-37296
11678
3895
7400
2892
-4171
-40341
14249
26822
28403
43215
45067
33838
28882
20722
43212
15390
-30049
-22028
-15755
-8205
25561
27916
-10746
-49174
-25390
35065
42029
40150
18639
-3239
27131
36060
15012
-6763
13025
9468
23248
-31489
14703
36800
11465
32389
-16395
-41786
-27632
-19834
-10854
-31530
-46247
11120
-24210
36809
17211
-10521
2363
-8619
517
32256
-3826
-28978
-25858
27211
-16482
42607
-49621
-18847
-9723
5725
24786
-26092
41555
-41888
3939
46507
27710
-24984
953
-16546
45606
-36367
-39215
-41526
-31447
-10264
11019
678
46181
37828
20664
3833
-13680
-41614
-10580
45279
25021
-23780
-17051
2979
47928
-17532
-24125
-40676
-13486
9436
-36461
-41500
-23970
-7741
-43995
40597
28555
-45727
-26654
10109
44130
14038
19965
9056
-44246
1088
27490
-44300
-20150
-15219
20746
-21329
22866
-33952
-20634
23279
-23250
-44666
38784
31903
21348
-38263
-1298
3557
40096
48089
-15492
19091
46931
-35346
37760
-22050
16947
-39827
-4525
30014
11080
-16906
-45178
1767
-14018
28166
9743
9890
-15731
-46046
-10906
27341
7424
-4635
22094
17087
-16081
21962
6174
-23123
-41521
47603
-45222
44794
44925
-20151
-41778
-223
4666
8656
-598
-46057
35642
-27021
27981
-25791
-17567
11232
11605
-10382
7222
-3043
-49229
37686
-6553
-15430
-34832
-21756
-10787
41730
33618
-43578
35955
24665
-2808
27803
-30724
-39318
15645
-31771
23598
38132
989
-21651
19940
-31731
38869
-41284
-32925
-24282
48318
-24910
-39722
-5327
23547
-44428
19045
-3507
47625
-38697
-34618
-48979
-32794
-49326
7660
28722
-30094
13337
-38455
-16329
11508
-15194
9112
18437
-1151
-35015
-29966
21075
46077
-45253
34600
-18269
-13111
-6523
-12667
41754
43441
27495
32085
1780
23814
-35625
14772
16873
44219
-28617
28255
36617
49579
-42386
-24589
5965
36704
38876
-38952
28666
-32065
21979
-18931
9284
-24
-39213
-21825
32059
42560
30263
37413
5334
4683
36695
1981
-1256
-17714
32385
-34
27069
-9358
31329
-13920
-10587
47095
28729
18946
-44710
-34612
11679
14123
242
31513
10963
35820
32746
-7184
-15404
16107
21488
7040
42624
19463
27467
-33936
19660
2605
-31068
30264
-23296
-45188
-1170
-16233
-32930
42322
-45799
48289
32533
21909
44891
-26177
5326
33344
-15021
-41868
-20798
28220
34475
33825
-21533
43499
11122
1719
-2193
-17875
-47431
-17717
7628
20201
-42309
3118
19773
20462
12505
39782
-13303
-4833
10922
-20335
-36486
28025
13466
-15770
-3190
34415
48149
-16397
16720
11899
46831
49307
-521
8914
27694
-44104
36511
18529
-20138
-39707
-6905
-13711
-20264
-1160
-35266
6408
-29736
26379
42588
-31033
-35819
-879
-19326
12274
-9883
33633
17003
29153
-13451
-42036
38435
-26282
-37285
7737
-5251
16031
-12116
10000
-38740
-3924
40811
40652
21313
35582
49713
37511
-9940
-23487
-20211
343
29165
28396
-19934
11674
8409
23173
-15715
-32289
-45336
-4108
-28430
17458
-8717
32302
31764
-30138
11690
-49691
47640
43812
49791
11222
1568
3869
6799
-11111
37771
45778
-30817
-39949
-37034
-29845
5643
17612
47959
10176
-37613
-49935
694
-40361
-14556
-25104
17257
-18495
-13652
-38419
-18466
-36205
33260
30645
-23514
29691
-6577
-30736
-9586
1751
-25164
-38968
-49877
-33675
15121
-12262
-10427
-16414
43787
24415
-32640
41044
427
15399
-20708
-46058
25885
-11230
-26618
-25328
-44009
39319
-36300
-14885
38218
-13967
-43152
10790
-39556
-10872
-49802
13752
27979
-6249
34613
-7653
-49888
-47230
35978
40299
665
-30589
-40304
-5022
-1622
-7980
-39810
35340
12429
-12132
43506
-26351
35980
20651
25244
21966
-13622
-42770
8361
4287
-15515
33149
15782
28317
37557
13616
11288
27021
236
-3142
-31176
29440
16401
20169
5142
22686
-49001
45452
-26391
22594
5420
20705
28050
-20782
-27383
36621
4644
5150
28866
23407
37194
29601
-22098
-38140
16479
49237
-39822
14939
27956
-32020
15049
21261
-46277
-7755
36933
30380
4437
-24396
-2164
1184
-45184
-12644
18104
29365
-7646
13229
-45129
17713
-46932
-16768
43368
-46183
10358
-38383
-29848
13776
3495
26990
-20768
-32320
40760
16782
12211
22822
-11053
9628
-38240
4023
-34302
-28377
-25898
36952
-15934
-1982
-29358
-30087
-40249
40572
-28502
42390
-19434
22627
-5614
-15549
-44969
8909
-28827
10178
2372
15089
-28604
-49638
19738
13390
47114
-44995
-35878
14784
16703
-15481
16238
-14193
-13444
29
-48451
-11444
-30896
-42194
29631
16146
-6818
10624
27260
32710
18495
19702
-17133
16964
-40236
-15098
-9571
-48564
-1862
7977
-20604
-4362
7510
13928
43914
30789
-48348
-31107
39384
-33881
14383
49507
47323
-47621
9480
38300
20504
-43161
-20345
42438
-40464
15904
34594
-40981
39317
-3599
-3035
39118
-798
-35339
22219
34898
34267
-16294
33143
49400
-23275
33189
-36672
46936
36290
-25859
35069
23584
-23738
-38822
6680
-18137
38070
38493
11826
1435
-8765
42782
-20840
48574
-22055
-23803
-35570
21120
41886
5475
49199
-17209
-20515
-10408
-39625
954
28383
37607
43030
-34637
12756
-49201
-24716
31847
-2007
8773
48539
4584
-31715
17880
48918
43338
29844
-47837
-33498
-42085
-40260
-18093
27814
31110
-34222
3019
-6059
-6481
-3655
-48412
-8184
-41116
40834
12335
49390
16975
-8956
7085
-13240
-27442
-8157
-20042
-25177
13582
-4572
-20322
10586
-10481
47689
-23787
-25983
-18365
-22561
38890
25146
-49016
29717
46206
-27888
-42938
-17127
-6254
-9047
-49722
15831
15934
6130
-45183
46693
39778
47168
-25059
46773
44353
-18772
-22581
45164
8435
-15945
25543
-21875
-9463
-47559
-33977
4839
527
-19792
-886
6524
-9927
16691
-5584
9393
10358
1779
-49943
23628
-40169
24816
31341
-29664
-27830
-14001
-33536
-23675
-24750
48389
21509
-47386
-14449
-43756
24695
36728
-10718
-38896
-39270
-28886
1449
40920
10135
10447
-12873
19470
-34487
-911
-24576
-6579
17005
36671
-4084
-47394
-37439
-45482
19784
35442
-34874
-41439
-6540
-4117
48526
-44580
11245
-29104
-3482
-32514
-14768
28184
-4573
-39866
35756
42710
39732
49599
43695
-2442
2123
33577
-22874
29770
-45190
-11711
29140
45011
17220
5511
-18897
6263
-3256
1007
36160
-38773
-16184
11812
-48470
10706
-39650
13990
34906
35962
-18532
34776
-39761
-3099
-5576
3400
1268
-15114
-34228
-16533
-22701
-35891
-1907
-43616
-44885
-36355
30946
-19870
-46716
-11315
37234
30590
-49259
3893
45808
43673
10185
4453
43857
15629
-11345
31074
38544
-13753
22607
4084
-13655
25021
42849
48712
30645
-36067
-4093
-41257
23448
-27875
22707
-1020
45411
47551
-27109
-21737
-20102
8583
13660
34300
41424
4606
25725
-40875
6568
28775
-34239
-40235
46351
8395
14706
-7498
13038
-31177
24307
31123
-8500
15275
20515
29628
-14525
-46362
21638
18098
-27504
-23876
-18392
26769
27711
-29456
-25722
-32174
-13514
-26997
-6621
17052
-11586
-27021
-45465
28146
21242
-2970
-49259
-18577
-37769
42798
30714
15537
-3422
8490
40757
15997
-22185
-35302
-4918
37450
-16553
45196
16968
18065
10604
-8738
23720
3809
-48869
-29893
12059
38029
-16744
2161
37413
-12557
17895
-25765
-29497
-30476
41627
-13987
-42298
18212
5512
-24165
7815
-25008
19187
-1582
-22740
20604
23034
-18082
28074
-31013
27748
-25309
-11288
29552
30216
3082
-43666
6453
37426
804
41054
44255
-44032
37688
-32413
48268
33690
-28951
17807
4747
-27760
-33603
18888
1294
-35581
-14056
-43956
1001
48718
23072
16319
-44781
14844
-31102
-49567
49325
38733
33076
-26598
-36556
-26738
5139
11438
-4194
-28241
34975
42617
40282
-24574
31442
-28185
31584
-47092
26655
26666
-28253
40490
30146
-39451
29712
-5196
1877
1114
-37822
36402
6001
-11634
38371
32217
-31708
5061
-36022
37639
49345
13965
-9800
-5130
-37093
-18532
-37261
-36827
14128
-14887
12517
38791
6048
-26200
14992
7559
-35695
-26268
48187
-38397
-40185
10605
-39116
3031
-32888
49138
21907
-47846
-17951
34685
-40983
-24492
36732
-41450
11672
49865
-8164
-41510
15731
-17619
-43121
9033
10190
14192
-12455
-47620
6092
45001
35810
-30009
-13988
29595
-16561
-2600
8849
13723
-27723
40374
-20868
-3605
-44146
-40803
2635
28429
35938
49723
-9154
-17072
14973
-35272
-4344
-37597
-9249
-12796
-47393
39361
43206
-11598
-13837
-37555
14848
-22239
-16339
-1414
-33804
-20711
-24050
23134
-4582
49542
-27771
14566
47464
-13964
-15853
-41890
2120
-38275
39988
13528
22703
-38852
33589
-43725
-32480
-13104
-25371
-41600
14751
-48755
7004
35809
28090
-32885
40252
-48129
-4761
4966
-4694
33877
4276
-12198
366
28472
-16047
-44864
-14759
-5066
23141
38606
13255
11074
1903
-43144
-41334
45503
12123
-44630
-15516
32174
19127
-11860
723
-31670
17392
-37645
-13700
45389
-36754
44756
39164
13800
25348
-41148
-21294
-22484
-20217
-14104
-37897
11504
-9232
19324
-8042
-3422
-39744
12323
-13538
-30150
106
1223
-44731
-3776
-20927
-16355
-25632
-23393
23477
-20382
-18529
21891
5235
6334
19771
38276
33835
-47223
42405
-10896
-20138
49151
-47451
21172
-3142
-12158
-5194
-30683
-24432
-32391
32368
-17881
-39942
739
41452
43673
-21312
44119
29555
1629
-5366
-10532
37335
-49907
-39619
-24552
15258
-42517
-31423
-35104
-24381
-25945
27619
-35852
8154
1575
-45450
48223
13167
-41513
-29913
-4419
49972
27937
1056
29235
20378
33139
43996
7189
7096
44815
20403
4493
-34881
-11161
-41168
-18359
20514
-11305
-28003
39609
-34491
47012
-41934
20517
-48624
43171
44461
24733
-28679
-130
9817
-19859
-5563
-49455
-34894
17406
-41227
21644
48511
-23771
-43368
29047
-9727
-8093
48466
-23738
33526
-11022
23069
33563
-44954
39246
-18760
-28146
15863
25244
-42308
22774
-14128
-13067
11708
37491
28834
19444
10879
20577
4585
32679
4245
22526
43808
-20170
31256
-15295
-22634
11147
41183
43942
-42992
11762
3973
20404
-12863
37915
-22009
32103
-1612
-25359
-37279
2090
32922
-219
5190
-49723
