840346
218579
393492
667606
75709
622730
926201
221911
531870
955607
241089
103169
571674
863072
324397
644777
668168
930767
166672
713627
618863
770529
781138
393717
586071
909390
483856
530529
410300
387409
324257
367088
800991
61779
641716
739024
691576
917624
535125
256938
873350
727237
352590
332314
215750
532779
768938
44492
256898
886901
440789
336879
706880
527883
549215
773273
239643
676769
94623
46711
280368
497407
52596
845615
462895
121837
998631
445204
765585
213114
7404
20869
634728
845225
662471
484579
51154
347129
701132
116396
78791
415056
23871
375801
830354
784003
707993
870736
773917
584580
424172
935079
951396
132905
500958
59254
331404
649365
389969
611639
